00000000
00000000
00000000
00000000
10001100
01000000
00000000
00000000
10001100
01000001
00000000
00000000
10001100
00000100
00000000
00000000
10001100
00100101
00000000
00000000
10001100
01000010
00000000
00000000
10001100
01000011
00000000
00000000
00000000
00000000
00000000
00000000
00000000
00000000
00000000
00000000
00000000
10000101
00110000
00100010
00000000
00000100
00000000
00011000
00000000
10000010
00100000
00100010
00010000
10000010
00000000
00000101
00000000
00000000
00000000
00000000
00000000
00000000
00000000
00000000
00000000
00000000
00000000
00000000
00001000
00000000
00000000
00001010
00000000
00000000
00000000
00000000
00000000
00000000
00000000
00000000
00000000
00100101
00001000
00011000
00000000
10100011
00101000
00100010
00010000
01100101
00000000
00000101
00000000
00000000
00000000
00000000
00000000
00000000
00000000
00000000
00000000
00000000
00000000
00000000
00001000
00000000
00000000
00010011
00000000
00000000
00000000
00000000
00000000
00000000
00000000
00000000
00000000
01000110
00010000
00011000
00000000
11000011
00110000
00100010
00010000
01100110
00000000
00000101
00000000
00000000
00000000
00000000
00000000
00000000
00000000
00000000
00000000
00000000
00000000
00000000
00001000
00000000
00000000
00011100
00000000
00000000
00000000
00000000
00000000
00000000
00000000
00000000
00000000
00100010
00100000
00011000
00000000
00000000
00000000
00000000
00000000
00000000
00000000
00000000
00000000
00000100
00101000
00011010
00000000
00000000
00000000
00000000
00000000
00000000
00000000
00000000
10101100
01100101
00000000
00000010
